00001111110000010000101000010111
00000000010010100000101000010011
00001111110000010000101010010111
00000000100010101000101010010011
00000000101000000000010000010011
00000000000100000000010010010011
00000000001100000000100100010011
00000000100101000000001010110011
01000001001110010000001100110011
00000001001101001001001110110011
00000000011110100010010000100011
00000000011110101010001000100011
00000000100010100010111000000011
00000000100010101010111000000011
11111110000011100001100011100011
00001111111101001111111010010011
00001010101010010110111100010011
11111011110111111111000001101111